0 1
0 3
0 5
0 8
0 9
0 11
0 13
0 15
0 20
0 21
0 22
0 23
0 25
0 28
0 30
0 35
0 37
0 39
1 2
1 4
1 12
1 14
1 15
1 16
1 19
1 20
1 21
1 24
1 25
1 26
1 27
1 30
1 31
1 32
1 36
1 38
1 40
1 41
2 5
2 6
2 10
2 11
2 12
2 13
2 14
2 17
2 19
2 20
2 21
2 23
2 25
2 26
2 27
2 28
2 33
2 35
2 36
2 37
2 41
3 6
3 10
3 11
3 17
3 18
3 20
3 22
3 26
3 28
3 29
3 33
3 34
3 35
3 36
3 37
3 38
3 39
3 40
3 41
4 7
4 9
4 11
4 12
4 13
4 15
4 19
4 21
4 22
4 23
4 24
4 25
4 29
4 31
4 32
4 35
4 36
4 39
5 8
5 10
5 11
5 12
5 13
5 14
5 24
5 26
5 27
5 29
5 32
5 34
5 38
5 40
5 41
6 7
6 16
6 18
6 19
6 20
6 21
6 24
6 27
6 29
6 30
6 36
6 37
6 38
7 9
7 10
7 19
7 20
7 21
7 22
7 24
7 25
7 27
7 29
7 30
7 32
7 33
7 34
7 37
7 38
7 39
7 40
7 41
8 10
8 12
8 13
8 19
8 21
8 27
8 29
8 32
8 34
8 35
8 39
9 14
9 15
9 16
9 18
9 19
9 20
9 22
9 24
9 26
9 32
9 35
9 36
9 38
9 41
10 16
10 18
10 19
10 20
10 21
10 24
10 25
10 29
10 31
10 33
10 37
10 38
10 39
10 40
10 41
11 13
11 18
11 19
11 20
11 22
11 24
11 26
11 30
11 32
11 34
11 35
11 36
11 38
11 40
12 13
12 14
12 15
12 20
12 21
12 23
12 24
12 25
12 29
12 31
12 37
12 39
13 14
13 16
13 18
13 19
13 25
13 28
13 33
13 34
13 37
13 38
13 39
13 41
14 17
14 18
14 19
14 21
14 23
14 25
14 28
14 29
14 30
14 33
14 35
14 36
14 37
14 39
14 40
15 16
15 17
15 20
15 21
15 22
15 26
15 28
15 29
15 32
15 33
15 34
15 35
15 39
16 17
16 18
16 19
16 20
16 21
16 25
16 26
16 28
16 30
16 31
16 33
16 35
16 36
16 39
16 41
17 18
17 19
17 21
17 22
17 24
17 26
17 28
17 29
17 31
17 32
17 35
17 38
17 40
17 41
18 19
18 21
18 24
18 25
18 26
18 27
18 28
18 31
18 32
18 33
18 34
18 35
18 38
19 22
19 24
19 26
19 27
19 29
19 31
19 34
19 38
19 39
19 40
19 41
20 21
20 23
20 25
20 26
20 32
20 34
20 35
20 36
20 38
20 39
20 41
21 22
21 24
21 27
21 29
21 30
21 34
21 38
21 40
22 23
22 25
22 29
22 30
22 31
22 36
22 38
23 26
23 28
23 35
23 36
23 38
23 40
24 25
24 27
24 32
24 34
24 35
24 36
24 37
24 39
24 41
25 26
25 27
25 29
25 30
25 35
25 36
25 40
26 28
26 29
26 30
26 31
26 32
26 33
26 38
26 39
26 40
26 41
27 37
27 40
27 41
28 31
28 33
28 34
28 37
29 30
29 34
29 35
29 36
29 40
30 31
30 32
30 35
30 36
30 37
30 38
30 39
30 41
31 33
31 35
31 36
31 39
31 40
31 41
32 33
32 34
32 40
33 38
33 39
33 40
33 41
34 35
34 36
34 38
34 39
34 40
34 41
35 38
35 40
36 39
36 41
37 41
38 39
38 40
39 40
39 41
40 41